0,0
0.000100767,7.43928e-05
0.000577141,0.000316875
0.00100942,0.000230925
0.000833196,-0.000496595
0.00072359,-0.0013508
0.00132036,-0.00179092
0.00200122,-0.00176598
0.00194199,-0.00146224
0.00064376,-0.0011474
-0.00071816,-0.00145967
-0.000484509,-0.00234756
0.000372451,-0.00245907
0.000501396,-0.00124669
0.00108786,-0.000194034
0.00140641,-9.89177e-05
-0.000123294,-9.08872e-05
-0.0017494,0.000313189
-0.00160198,-0.000117843
-0.000792195,-0.00159296
-0.00103033,-0.00237145
-0.00171877,-0.00191942
-0.00200007,-0.00141736
-0.00253991,-0.000917772
-0.00252424,-0.00111174
-0.00118559,-0.00242498
0.000806676,-0.00301728
0.00225268,-0.00248723
0.0022272,-0.00221902
0.00146213,-0.00186595
0.00108797,-0.00143593
0.000395945,-0.00117112
-4.19832e-05,-0.00118097
0.0008969,-0.00199126
0.00151338,-0.00304075
0.00143207,-0.00293039
0.00214793,-0.001685
0.00223688,-0.000529466
0.000607146,-0.000413007
-0.000239939,-0.000951579
1.68664e-05,-0.00111632
-0.000243852,-0.000502489
-0.00051902,0.000124154
0.000440832,0.00064735
0.00143713,0.00111275
0.000558431,0.000948885
-0.00127838,-0.000103062
-0.00160202,-0.00145969
-0.000346003,-0.00197881
0.001001,-0.00123947
0.00203132,-0.0003799
0.0027704,-6.40423e-05
0.00318457,-0.000332986
0.00274485,-0.000878029
0.00130657,-0.000708978
0.000389266,-0.000143186
0.000692324,7.40937e-05
0.00105129,0.000457727
0.000699615,0.000443075
0.000320588,-0.000274843
0.000827508,-0.000607758
0.00126862,-2.49745e-05
0.000940343,0.000525573
0.000824339,0.000712922
0.00123136,0.000742078
0.000883336,0.000349398
-0.000530524,-0.000441843
-0.00135886,-0.000748137
-0.000864107,-0.000187726
-0.000336249,0.000287218
-0.000763067,-0.000200843
-0.00114884,-0.00092247
-0.000579169,-0.00035173
0.000264853,0.00162417
0.00044793,0.00233055
-0.000326595,0.000662548
-0.00106902,-0.00103125
-0.00119357,-0.00135051
-0.00114389,-0.000598524
-0.00105356,0.000159672
-0.000754156,0.000279019
-0.000156634,0.000261958
0.00032204,0.0001349
0.000594737,-0.000132269
0.00102954,7.59702e-05
0.00126028,0.000512449
0.00148539,0.00107644
0.00184055,0.00144837
0.00165015,0.000891221
0.000953949,0.000658898
0.000353471,0.000871432
-0.000396057,0.000402402
-0.000506131,0.000273002
0.000382396,0.000727219
0.000899445,0.000844926
0.000765861,0.000305979
0.00119877,-0.000920091
0.00218056,-0.00186409
0.0027259,-0.00211082
0.00281413,-0.00163317
0.00243566,-0.000899193
0.00207733,-0.000445847
0.00185282,0.000245862
0.00129573,0.000773109
0.00138956,0.000258878
0.0021165,-0.00082063
0.00213817,-0.00111353
0.00124927,-0.000230956
0.000200638,0.000254893
0.000111972,-0.000278121
0.000191501,-0.00116361
0.000187549,-0.00150974
0.000797847,-0.00105761
0.00103303,-0.000892509
8.9583e-05,-0.000595074
-0.000654375,0.000768844
-0.000584935,0.00131274
-0.000574131,0.000366883
-0.000739019,-0.000342258
-0.000640744,-0.000470377
-0.00090326,-0.000205411
-0.000935759,0.000430512
0.000245174,0.000912995
0.00140968,0.00041691
0.00186468,-0.000935063
0.00185003,-0.00121268
0.00122603,-0.000303608
0.000779695,-0.000611277
0.000966125,-0.00161653
0.000971884,-0.00141709
0.000344961,-0.00111327
-0.000753103,-0.00184871
-0.00152182,-0.0024606
-0.00112091,-0.0021911
-0.000713631,-0.00168102
-0.000765375,-0.00133739
-0.000266218,-0.00116613
5.78895e-05,-0.00111099
-0.000453484,-0.00128131
-0.00028484,-0.00176038
0.000707946,-0.00161069
0.00115144,-0.000533504
0.000773698,0.000450373
0.000581152,0.00123492
0.00138617,0.0020969
0.00224848,0.00205516
0.00155957,0.000913142
6.86898e-05,-0.000541486
-0.000838453,-0.000789704
-0.000394849,0.000924808
0.0005102,0.00198515
0.000489867,0.000765832
-0.000228806,-0.00085536
-0.000563252,-0.000963651
-0.000365451,4.44058e-05
0.000107982,0.000490937
6.60354e-05,0.00034792
-0.000501014,0.000323237
-0.00119058,-0.000290915
-0.00128162,-0.00123079
7.97539e-05,-0.000842061
0.00135336,0.000539446
0.000879611,0.000541189
-0.000168018,-0.000809811
-0.000918055,-0.00177805
-0.000684091,-0.00157223
0.000285124,-0.000901885
-0.000306485,-0.000390581
-0.00204835,0.00021346
-0.00272289,0.000709042
-0.00194532,0.000484274
-0.000463807,-0.000145684
0.000973593,-5.72545e-05
0.00194732,0.00103757
0.00245465,0.00170902
0.00240617,0.00161569
0.00181831,0.00184034
0.00120158,0.00257863
0.000575569,0.00303219
-0.000171517,0.00299717
0.000220795,0.00284644
0.00166219,0.0023353
0.00168251,0.00167584
-0.000167966,0.00123976
-0.00107846,0.000853688
0.000159207,0.000335292
0.0012747,-0.000186959
0.001035,5.23688e-05
0.000805178,0.000323885
5.406e-05,-0.000365252
-0.00133125,-0.00061559
-0.00136902,0.000381084
-0.000637891,0.00126013
-0.00037851,0.00126264
-4.94745e-05,0.00114949
0.00041384,0.0016903
0.000437149,0.00226982
5.67275e-05,0.00267225
0.000221502,0.0033184
0.000461089,0.00298483
-0.000472862,0.00161734
-0.0018223,0.000669676
-0.00210303,0.00032446
-0.00172245,0.000155987
-0.00123154,5.38846e-05
-0.000459955,0.000107975
0.000570499,0.000326605
0.000739238,0.000517879
-0.000514073,0.000667151
-0.00147784,0.00130304
-0.00147329,0.0021933
-0.00169387,0.00196923
-0.00211179,0.00104407
-0.00214563,0.000337088
-0.00116313,-0.000425057
-3.79126e-06,-0.000264198
-0.000316848,0.00107715
-0.00165075,0.00123869
-0.00265132,0.000263252
-0.0026364,0.000260481
-0.001865,0.000314035
-0.00143719,-0.00038168
-0.00122584,-0.000855667
-0.00131838,-0.000992702
-0.00171892,-0.00153141
-0.00182677,-0.00200619
-0.0013922,-0.00159717
-0.000909365,-0.000424088
-0.00102664,0.000271223
-0.00188281,-0.00038013
-0.0025708,-0.00149661
-0.0019283,-0.00234447
-0.000818792,-0.0029142
-0.000732257,-0.0030655
-0.00144847,-0.00278095
-0.00133278,-0.00217933
-0.000878228,-0.00158699
-0.00140009,-0.000723035
-0.00173502,0.000637334
-0.00114364,0.00161207
-0.000488858,0.00136701
-7.2605e-05,0.000320184
-0.000455321,-0.000140701
-0.000952924,-5.49052e-05
-0.000213633,-0.000779881
0.000178278,-0.00185815
-0.000562314,-0.00184099
-0.00133249,-0.000692116
-0.0017953,-8.89703e-05
-0.00207043,-0.000609594
-0.00195643,-0.00156409
-0.00147755,-0.00251313
-0.00106592,-0.00246911
-0.00157672,-0.00118745
-0.00203987,-0.000288223
-0.00166062,-0.000994457
-0.00172103,-0.00234206
-0.00218729,-0.00279272
-0.00229778,-0.00235677
-0.00245608,-0.00178743
-0.00236395,-0.00117877
-0.00152534,-0.000685087
2.09787e-05,-0.000929022
0.000554972,-0.00121098
-0.000809988,-0.000633549
-0.0014316,-8.87283e-05
-0.000398148,-0.000571714
-0.000268518,-0.00146238
-0.000778461,-0.00190589
-0.000210318,-0.00138326
0.000452093,-0.000934172
-0.00033664,-0.00110543
-0.00118846,-0.00125129
-0.000280784,-0.00177651
0.00132461,-0.00267219
0.00203812,-0.00308125
0.00112276,-0.00309413
-0.000751,-0.00279617
-0.00189535,-0.00196932
-0.00192748,-0.0012188
-0.00131386,-0.00164062
-0.000508797,-0.00222582
0.000331223,-0.00175834
0.000868286,-0.001263
0.00026765,-0.00152715
-0.000715191,-0.00206165
-0.000766344,-0.00224591
0.000387974,-0.00233115
0.00183176,-0.00248643
0.00227057,-0.00183353
0.00160532,-0.00010569
0.000838664,0.0018705
0.000251246,0.00250698
0.00022662,0.00173916
0.00118777,0.00104473
0.00261999,0.000813938
0.00339263,0.000339765
0.00230752,0.000292514
0.000480179,0.00151938
1.6524e-05,0.00279996
0.00034721,0.00291722
0.000542186,0.00215406
0.000515044,0.000859638
-0.000276643,-0.000149135
-0.000988425,-0.000444235
-0.000311652,-0.000748082
0.000403953,-0.00161815
0.000767964,-0.00209711
0.00177609,-0.000956401
0.00214878,0.000583999
0.00111547,0.00117109
0.000478992,0.0013585
0.0007371,0.00137558
0.000595264,0.00172847
-9.61592e-05,0.00300777
-0.000174589,0.00368511
0.000856284,0.00254411
0.00172087,0.000934268
0.00141086,0.00115958
0.00112178,0.00243774
0.00185428,0.00221457
0.00219275,0.00111362
0.00133304,-2.8024e-05
0.000524992,-0.000850932
0.00022204,5.1434e-05
-0.000547803,0.0016433
-0.00121077,0.00164504
-0.000926848,0.000349658
-0.000358548,-0.000683353
0.000148235,-0.000282847
4.9383e-05,0.00144748
-0.000509748,0.00308402
-0.000707564,0.00328597
-0.000319726,0.00181508
0.000579153,0.000399408
0.00117743,0.000507034
0.000474497,0.000888897
-0.000949798,0.0010581
-0.00213268,0.00126342
-0.00279388,0.000827666
-0.00260156,3.62183e-05
-0.00187172,0.000225804
-0.001713,0.00121517
-0.00201564,0.00168331
-0.00156874,0.00168042
-0.000668111,0.00134421
-0.000447625,-1.66822e-05
-0.000671937,-0.00105394
-0.000486029,-0.000863011
0.000118346,-0.000366042
0.000535642,0.000310271
0.00036767,0.00132731
-0.000388772,0.00167629
-0.001101,0.00122383
-0.000887883,0.00134181
-0.000193155,0.00175129
0.000261169,0.00131104
0.000554688,0.000651791
0.000624955,0.000475979
0.00017429,0.000317836
-0.000227088,-6.73355e-05
-0.000283994,0.000382487
-0.000835258,0.00144539
-0.00126777,0.00169603
-0.000650431,0.000810232
0.000146422,-0.000395884
0.000346683,-0.000905883
-0.000363067,-0.000533687
-0.000897615,-0.000197808
-0.000212557,0.000510961
0.00119824,0.00141323
0.00239884,0.00166183
0.00234053,0.00197777
0.00114166,0.00208304
-0.00020859,0.000709364
-0.0003648,-0.00143518
0.000846997,-0.00223855
0.00144976,-0.000922584
0.00107514,0.000913334
-8.35485e-05,0.000892716
-0.00174571,-0.000288527
-0.00209427,-0.000190546
-0.00049515,0.00118607
0.000875467,0.0025729
0.00105098,0.00255097
0.00125272,0.00103171
0.00142297,-3.4255e-05
0.00148134,0.000137549
0.00234196,0.000582155
0.00313824,0.000745092
0.00269833,0.000208467
0.00196578,-0.000775194
0.00161035,-0.00136393
0.000984494,-0.000647251
-5.39031e-06,0.000626193
-0.000469391,0.000809152
5.16291e-05,0.000345665
0.00150922,0.000695722
0.00303378,0.00105619
0.00282785,0.000217109
0.000883432,-0.00061237
-0.000752707,0.000125884
-0.0017294,0.000873566
-0.00222313,0.000372296
-0.00146819,0.000233146
-2.91914e-05,0.0012542
0.000939007,0.00112957
0.00112127,-0.00037528
0.000785857,-0.000906506
-0.000316683,-0.00100655
-0.00167027,-0.00124891
-0.00219258,-0.000211217
-0.00188649,0.000933438
-0.00117906,0.0005863
-0.000290521,8.19433e-05
0.000587562,0.000188048
0.0015735,-0.000508792
0.00230599,-0.00161005
0.00223022,-0.0011515
0.00173385,-0.000322985
0.000963896,-0.000882608
0.000467149,-0.00153974
0.00117217,-0.00162607
0.00210796,-0.00216092
0.00201992,-0.00279178
0.00182907,-0.00244349
0.000999105,-0.000912708
-0.000465581,0.000617955
-0.000456252,0.000216393
0.000549185,-0.00160034
0.000411008,-0.0025488
-0.000758055,-0.00215621
-0.00159166,-0.00143721
-0.000908134,-0.00138664
0.000336809,-0.0021594
0.000662567,-0.0028858
0.000846474,-0.00267921
0.00111944,-0.00154482
0.000586968,-0.000724999
0.000294756,-0.000911108
0.0011404,-0.00137376
0.00124486,-0.00175892
-0.000269154,-0.00147577
-0.00125362,-0.000496704
-0.000873913,-0.000443033
-0.000706993,-0.0012171
-0.000350825,-0.0016682
0.00016879,-0.00206349
-0.000231037,-0.00245525
-0.000263966,-0.00204565
0.000656297,-0.00160218
0.00131618,-0.0022108
0.00111097,-0.00325198
0.000160985,-0.00384316
-0.000128778,-0.00376373
0.000327665,-0.00313486
0.000436378,-0.00193082
0.000238976,-7.85325e-05
0.000252463,0.00129124
0.000659776,0.00111153
0.000194518,-0.000509324
-0.00148569,-0.00251279
-0.00268506,-0.00329095
-0.00227966,-0.00224108
-0.0010153,-0.000964181
-0.000237028,-0.000866245
-0.000521682,-0.00108163
-0.00093007,-0.000961363
-0.00104523,-0.0010854
-0.000998543,-0.00135024
-0.000953834,-0.00105162
-0.000836647,-0.000592979
-0.000641492,-0.00117524
-1.19417e-05,-0.00247848
0.000766053,-0.00282969
0.00077172,-0.00221997
2.1681e-05,-0.00197591
-0.000728381,-0.00142548
-0.0011726,0.00025615
-0.00131279,0.000929369
-0.00148507,-0.000419421
-0.00140351,-0.00177647
-9.6399e-05,-0.00252699
0.00103132,-0.00298555
0.000434601,-0.00235044
-0.000950502,-0.00126244
-0.00190189,-0.00096842
-0.00167054,-0.0013016
-0.00105139,-0.00172661
-0.00146443,-0.0020213
-0.00174288,-0.0021523
-0.000907852,-0.0017184
-0.000527249,-0.00100916
-0.00106554,-0.00116095
-0.00102808,-0.00148961
-0.000889486,-0.000909241
-0.00145868,-0.000297665
-0.00135769,-0.000245954
-0.000600277,-0.000374297
-0.00019042,-0.000298037
-0.00055713,0.000356915
-0.00166919,0.00061932
-0.00199898,-0.00012673
-0.000712493,-0.00128693
0.000328376,-0.00229789
-0.000201423,-0.00211334
-0.00152644,-0.0010875
-0.00257331,-0.000711649
-0.00281993,-0.000844851
-0.00243488,-0.000951619
-0.00220454,-0.001308
-0.00242814,-0.00172036
-0.00322803,-0.00144066
-0.00366532,-0.000376743
-0.00292715,-3.48736e-05
-0.00197108,-5.64712e-05
-0.00131978,0.000515115
-0.000234463,0.000255122
0.000403218,-0.000223516
-0.000344198,0.000641072
-0.0011865,0.00181934
-0.00106632,0.00226752
-0.000990507,0.00259758
-0.00114583,0.00270278
-0.0013542,0.00203644
-0.00198902,0.00121474
-0.00252489,0.000629915
-0.00195906,-0.000420786
-0.00131012,-0.00171401
-0.000970761,-0.00222482
-0.000576092,-0.00190195
-0.000581829,-0.00121727
-0.000597896,6.93523e-07
3.21454e-05,0.00111847
0.000313598,0.00125602
-0.000273712,0.000535531
-0.00114703,0.000163213
-0.00177928,0.00118659
-0.00158803,0.00198655
-0.000915234,0.00110723
9.5525e-06,-9.79307e-05
0.000923442,-0.000534988
0.000707638,-0.00067411
0.000128904,-0.000707571
0.000318695,-0.000850909
0.000563745,-0.00160806
0.000224549,-0.002414
7.06744e-05,-0.00191906
0.000695197,-1.02235e-05
0.00102813,0.00189457
-5.08418e-05,0.00244428
-0.0015675,0.00186815
-0.00234765,0.00105285
-0.0021334,0.000336437
-0.00117444,-0.000339771
-0.000838245,-0.000629661
-0.000881435,-0.000628456
-0.000518753,-0.000719256
0.000184183,-0.000462373
0.00125915,-0.000399498
0.00225634,-0.00151521
0.00250161,-0.002681
0.00152519,-0.00265648
0.000118401,-0.00179413
0.000238412,-0.00125732
0.00122112,-0.00106357
0.00172851,-0.000578542
0.00247285,0.000297525
0.00303521,0.000360832
0.00174168,-0.0010823
-0.000765605,-0.00228428
-0.00242964,-0.00235564
-0.00235451,-0.00246608
-0.000854529,-0.00241315
0.000204008,-0.000930182
-0.00023036,0.000667694
-0.000569216,0.000631124
-0.000281001,-3.52499e-05
-0.000821679,-0.000293153
-0.00157676,-0.000492163
-0.00129097,-0.000303188
-0.00108698,0.000485
-0.00145034,0.000941114
-0.00110382,0.000504798
-0.000271115,-0.000384233
-0.000178083,-0.00138856
-0.000758885,-0.00179932
-0.00190219,-0.000971912
-0.0025477,0.00019443
-0.00183119,0.000376072
-0.00117617,-0.00079157
-0.000758418,-0.00242059
5.81977e-05,-0.00278174
0.000393319,-0.00180952
-2.23884e-06,-0.00126019
-0.000185515,-0.00146791
-0.000517873,-0.00155003
-0.00161943,-0.00137229
-0.00258092,-0.00111975
-0.00244612,-0.000835685
-0.00155649,-0.000670934
-0.00118386,-0.0010273
-0.00173081,-0.00163302
-0.00223036,-0.00159995
-0.00185962,-0.00112372
-0.00105006,-0.00084319
-0.000589764,-0.000806293
-9.35902e-05,-0.000719394
-0.000204272,-0.000324196
-0.000840592,0.000475751
-0.000505007,0.000910842
-0.000438354,0.000213353
-0.0016319,-0.000719124
-0.0021434,-0.00153669
-0.0016222,-0.00214779
-0.00165095,-0.00215785
-0.00160456,-0.00160067
-0.000731847,-0.00016742
-8.01494e-05,0.0009659
-0.000483738,0.00021778
-0.00190009,-0.000493279
-0.00249708,-1.27922e-06
-0.00172835,3.76158e-05
-0.0013052,-0.000905804
-0.00133957,-0.00186846
-0.00139355,-0.00194715
-0.00185308,-0.0012764
-0.00219464,-0.000173369
-0.0021377,0.000958371
-0.0019982,0.000914032
-0.00185476,0.000258243
-0.00147444,0.000258916
-0.00160864,0.000317556
-0.0024388,4.24689e-05
-0.00301978,0.000493307
-0.00296696,0.000723889
-0.00238352,-0.000291445
-0.00135291,-0.000738591
-0.000288985,3.84293e-05
-0.000393636,0.000344744
-0.00178203,-0.000277082
-0.00277768,-0.000742307
-0.00230252,-0.000257523
-0.00111256,0.000347061
-0.000406852,0.000512844
-0.000464723,0.000516359
-0.000468311,1.18211e-05
1.53228e-05,-0.000720191
0.000445589,-0.000476925
0.000777325,-2.07379e-05
0.00118687,0.0002603
0.00120558,0.000944642
0.00145005,0.00114627
0.00191285,0.000618366
0.00173551,0.000925363
0.00158887,0.00115009
0.00162127,0.000507124
0.00149111,0.000973728
0.00191708,0.00230774
0.00292262,0.00220531
0.00335686,0.000755816
0.00314197,-0.000494374
0.00274303,-0.000769361
0.00202702,-0.000654579
0.00169201,-0.000363236
0.00201632,0.000519276
0.00211386,0.00110653
0.0013018,0.000847485
0.000131532,0.00038685
0.000155718,-0.000153237
0.000867871,0.000244765
0.000790482,0.000765314
0.000711314,0.000158581
0.00101139,-0.000232909
0.00098692,-5.26532e-05
0.000578365,-0.000124791
4.8204e-05,-0.000157754
-0.00035844,-0.000202603
-0.000474213,6.84912e-05
-0.000338145,0.000805776
0.000361408,0.00105729
0.00148592,0.000374396
0.00109235,-0.000867842
-0.000506518,-0.00149762
-0.000531926,-0.00144382
0.0010497,-0.00163197
0.00170152,-0.00166615
0.00118622,-0.00109399
0.00100184,-0.000687542
0.0016217,-0.000381361
0.00280546,-0.000500229
0.00368479,-0.00167363
0.00310699,-0.00272847
0.00166069,-0.00283777
0.00148775,-0.0026009
0.0025514,-0.00227289
0.00281136,-0.0019115
0.00176677,-0.00135444
0.000937168,-0.000937763
0.000820259,-0.00128499
0.00023326,-0.00194649
-0.000940786,-0.00206896
-0.00155046,-0.00130384
-0.00132208,-0.000189656
-0.000621185,-0.000317225
0.000247492,-0.00173896
0.000465901,-0.00286903
-0.000255423,-0.00298719
-0.000478243,-0.0023779
0.000203716,-0.00109775
8.33258e-06,4.05797e-06
-0.00120508,-0.000515793
-0.00172112,-0.00203296
-0.0010039,-0.00239418
-0.000552024,-0.00121786
-0.000714782,-0.000242077
-0.000376747,3.37578e-05
0.000712723,2.30721e-05
0.00152193,-0.000657769
0.00157453,-0.00178965
0.00154167,-0.00229194
0.00134401,-0.00202122
0.00026073,-0.00185837
-0.000606393,-0.0017882
-0.00066264,-0.00198454
-0.000265989,-0.00235931
5.19632e-05,-0.00157014
-0.000569365,4.44887e-05
-0.00151893,0.000257295
-0.00152415,-0.00100836
-0.000753497,-0.00217592
-0.000169871,-0.00282054
-0.000698892,-0.00298122
-0.00164983,-0.00229404
-0.00184452,-0.000768843
-0.00130054,0.000414223
-0.000302564,-3.1552e-05
0.000551046,-0.00159297
-5.57425e-05,-0.00271716
-0.000695442,-0.00265255
6.9886e-05,-0.00204088
0.00065448,-0.00153158
-1.69506e-06,-0.00111413
-0.00121603,-0.000891162
-0.00139588,-0.000966388
-0.000185446,-0.00158018
8.61079e-05,-0.00250304
-0.000955957,-0.0027645
-0.00117496,-0.00196096
-0.000331231,-0.00112925
4.47872e-05,-0.000874587
-7.45759e-05,-0.000646255
0.000773208,-0.000420444
0.0021249,-0.000605245
0.00193826,-0.000298121
0.000543682,0.000687219
-0.000544234,0.000831553
-0.00135546,-0.000536006
-0.00140504,-0.00208463
-0.000912298,-0.00244434
-0.00085863,-0.00149279
-0.000636825,-3.62219e-05
-0.000337176,0.000361346
-0.00117465,-0.000410409
-0.00202427,-0.000942791
-0.00133644,-0.000673417
-0.000206939,-0.000223171
-0.000289689,-0.000244103
-0.000749747,-0.000562537
-0.000363774,-0.00090415
-0.000168605,-0.00129945
-0.000362522,-0.00134774
-0.000538678,-0.000950564
-0.00132242,-0.00043097
-0.00186462,-0.000361519
-0.000942931,-0.000414124
-0.000329928,-0.000649262
-0.000733108,-0.0014868
-0.000810353,-0.00204795
-0.000792332,-0.00161923
-0.00131614,-0.00140305
-0.00173893,-0.00173602
-0.00207921,-0.00164228
-0.00259184,-0.000879176
-0.00273373,-0.000486688
-0.00185671,-0.000899464
-0.000897129,-0.00127323
-0.000519467,-0.00146766
-0.000537141,-0.00132456
-0.000635475,-0.000928555
-0.000548896,-0.00110251
-0.000859559,-0.00172811
-0.0019828,-0.00179281
-0.00287358,-0.000814109
-0.00302516,-9.43149e-05
-0.00268223,-0.000121509
-0.00230071,-5.2356e-05
-0.00198041,0.000108277
-0.000885632,0.000293074
0.000848588,0.000100456
0.0019277,-0.000228843
0.00189752,0.000224324
0.000321519,0.000685838
-0.00173572,5.28499e-05
-0.0022477,-0.00110322
-0.00168133,-0.00160509
-0.00133332,-0.000858446
-0.000850531,0.00067577
-0.000789672,0.00192167
-0.00151181,0.00212031
-0.00188935,0.00131272
-0.00172903,-0.000239644
-0.00176836,-0.00157954
-0.00214339,-0.00198541
-0.00235266,-0.00199971
-0.00228064,-0.00173357
-0.0024537,-0.000947235
-0.00258431,-0.000370331
-0.00232006,-0.000337465
-0.00198409,0.00045007
-0.000966663,0.00118528
0.000650667,0.000576001
0.00150676,-0.0002362
0.00161693,-0.000403316
0.00107768,-0.00037174
-0.000104081,-2.10867e-05
-0.000985143,0.00113836
-0.00071674,0.00258398
0.000425898,0.00287899
0.000869407,0.00226066
-0.000404934,0.00116941
-0.00211246,-0.000277817
-0.00199151,-0.000531689
-0.000351168,0.000771578
9.92946e-05,0.00207846
-0.000352175,0.0023479
-0.000203815,0.00171313
-0.000412551,0.00130892
-0.000750003,0.00163667
-0.000386436,0.00187505
-0.000649492,0.00141439
-0.00155755,0.000785138
-0.00182722,0.000807994
-0.000883966,0.00116395
0.00126326,0.00112707
0.00326229,0.000257586
0.00346871,-0.000404808
0.00222239,0.000126719
0.000967145,0.000681927
0.000512638,0.000884576
0.000287816,0.000851771
-0.000352068,0.000687976
-0.000804717,0.000671013
-0.000607543,0.000582016
-0.000147278,0.000618983
0.000253275,0.00109262
0.000368599,0.00162933
0.000417871,0.00182707
0.000966437,0.0014584
0.00167091,0.000813095
0.00204033,0.000147307
0.00193277,-0.000193661
0.00114807,-0.0001927
0.000163281,0.000146143
-0.000582193,0.000614701
-0.000678267,0.000658665
-0.000748594,0.00051386
-0.00168065,0.000690417
-0.00218833,0.000661537
-0.00133895,5.2679e-07
-0.00105444,-0.00089333
-0.00198322,-0.000896643
-0.00239978,0.000321547
-0.00132884,0.00153784
-0.000130081,0.00175238
-0.000272371,0.00116731
-0.00123285,0.000253909
-0.00183531,-0.000218159
-0.00144728,-0.00022114
-0.000372865,-0.000626754
4.324e-05,-0.00151817
-0.000333624,-0.00236047
-0.000593447,-0.00278148
-0.000261125,-0.00240981
0.0011375,-0.00149869
0.00209878,-0.000485389
0.00113527,-0.000404201
0.000465878,-0.00157704
0.00131766,-0.00271359
0.00180097,-0.00308182
0.000910815,-0.00292965
0.000302608,-0.00192882
0.000662595,-0.000215974
0.000748623,0.000484823
0.000523397,-0.000451697
0.000734798,-0.00144405
0.00046518,-0.00158655
-0.000993705,-0.00111446
-0.00189049,-0.000464185
-0.000184987,-0.000271257
0.00229678,-0.000730413
0.00302551,-0.00138393
0.00225294,-0.00146466
0.00203587,-0.000979906
0.00219211,-0.000614557
0.00136838,-0.000717127
-0.000409158,-0.000837419
-0.00173602,-0.000448351
-0.00175183,-0.000436456
-0.00112808,-0.00111981
-0.000840274,-0.000975247
-0.000838919,4.71154e-05
-0.00101739,0.000835226
-0.00104949,0.000893318
1.54198e-05,0.000490555
0.000783797,0.000337667
-0.000692324,0.000595642
-0.00279572,0.00132625
-0.00353286,0.00173927
-0.00328556,0.0012217
-0.00292087,0.000323001
-0.00247246,-0.000468125
-0.00240388,-0.00118182
-0.00277017,-0.00135177
-0.00274708,-0.00048176
-0.00207136,0.000726806
-0.00129299,0.000428805
-0.00124243,-0.000320586
-0.00135218,-0.000396229
-0.000708605,-0.000548107
8.41195e-05,-0.000805879
-6.16211e-05,-0.000635877
-0.000785246,0.000356157
-0.00078166,0.00154676
-6.12647e-05,0.00128748
-0.000279027,-0.000103962
-0.000904717,-0.000974635
-0.000820463,-0.00131256
-0.00111034,-0.00106012
-0.00173553,-0.000149622
-0.00139715,0.000900077
-0.000762169,0.00156597
-0.000514248,0.000760553
-0.000478541,-0.000580161
-0.000817263,-0.000388612
-0.00103543,5.83388e-05
-0.000677227,-0.000744187
-0.000577374,-0.00123499
-0.000672203,-0.000542738
0.000555346,0.000644576
0.00170228,0.00204316
0.00049879,0.00307407
-0.00140887,0.0028507
-0.00163302,0.00176753
-0.000915127,0.00047383
-0.000106757,0.000157537
0.000906707,0.000461849
0.00147255,0.000435848
0.00110672,0.000686631
0.000232014,0.000909993
-0.00048415,0.000622354
-0.000575599,0.000433213
-0.00106611,0.000824735
-0.00222657,0.00158902
-0.00296138,0.00185424
-0.00284567,0.0016008
-0.00248394,0.000528321
-0.00263867,-0.00122765
-0.00247209,-0.00201905
-0.00147381,-0.00160962
-0.00133418,-0.00104991
-0.00172459,-0.000319559
-0.000959198,0.000763529
0.000257497,0.001823
0.000710999,0.00218467
0.000106004,0.00144579
-7.83469e-05,0.000912874
0.000898957,0.00140507
0.00155908,0.00162053
0.0018409,0.000638618
0.00267658,-0.000781814
0.00300139,-0.00129179
0.00238705,-0.00106937
0.00160846,-0.00130631
0.00136954,-0.00183911
0.00194706,-0.00210493
0.00200098,-0.00219361
0.000758145,-0.00212941
0.000153623,-0.00123097
0.000512399,0.000425246
0.000677793,0.00102735
0.000926747,0.000177819
0.00139351,-0.00126828
0.00128463,-0.00248645
0.000585274,-0.00273519
0.000397411,-0.00179117
0.00126757,-0.000819058
0.00212502,-0.000747065
0.00144427,-0.00071973
0.000128517,-0.00048368
-0.000274586,-0.0011618
-0.000118741,-0.00215754
0.000381946,-0.00242126
0.00189477,-0.00202271
0.00338068,-0.00148727
0.00315281,-0.00179192
0.00179585,-0.00262276
0.00111958,-0.00299377
0.00131324,-0.00240558
0.000894281,-0.000842806
-0.000133648,0.000515478
-0.000351137,0.000935013
0.000219904,0.000141681
0.000303208,-0.00137796
-0.000179576,-0.00177889
8.19241e-05,-0.000894437
0.00122088,-0.000465103
0.00157531,-0.000955019
0.00126945,-0.001399
0.00107822,-0.00104989
0.000657419,-0.000975479
-0.00011322,-0.00177511
-0.00068631,-0.00247193
-0.00120455,-0.00229604
-0.00164739,-0.00184128
-0.00141174,-0.00177172
-0.000406402,-0.00208145
0.000242319,-0.00244093
-0.000627252,-0.00225949
-0.00184641,-0.000921227
-0.00170936,5.21923e-05
-0.00139964,-0.000569714
-0.00141045,-0.00159305
-0.000922239,-0.00189168
-0.000601787,-0.00142815
-0.0009759,-0.000716446
-0.0010935,2.64495e-05
-0.000624163,0.000482678
-0.00039517,0.000606029
-0.000405477,0.000446974
0.000391788,-0.00037822
0.00130762,-0.00137072
0.000802503,-0.0014056
-0.000724865,-0.00116056
-0.0017727,-0.00141929
-0.00157458,-0.00145142
-0.000954831,-0.00112303
-0.000953671,-0.000761177
-0.00132595,-0.000429954
-0.000860484,-0.000566124
0.000222968,-0.000409551
-0.000254572,-6.73746e-05
-0.00188338,-0.000567567
-0.002775,-0.00127539
-0.00261014,-0.00108406
-0.0024545,8.67487e-05
-0.00277429,0.00155626
-0.00282792,0.00205195
-0.00195783,0.000972781
-0.000608759,-0.000388341
0.00028005,-0.000490839
-0.000173349,-0.000305231
-0.00114637,-0.00102686
-0.00144145,-0.00163252
-0.00182078,-0.00137363
-0.002682,-0.00113489
-0.00308073,-0.00112709
-0.00309968,-0.00100036
-0.00286202,-0.00138172
-0.0022586,-0.00222718
-0.00148365,-0.00191717
-0.000935753,-0.000159427
-0.00078477,0.000960815
-0.000771092,0.000201103
-0.000622711,-0.00107688
-0.000269447,-0.00167351
-0.000302844,-0.00153104
-0.001038,-0.000693606
-0.00144477,0.000138561
-0.00172675,-2.40303e-05
-0.00177266,-0.000821032
-0.000166631,-0.0013781
0.00145972,-0.00180733
0.000739511,-0.00193568
-0.000977696,-0.000636247
-0.00194799,0.00165138
-0.00204096,0.00293109
-0.00152468,0.00231397
-0.000822448,0.000834411
-2.73381e-05,7.00219e-05
7.5234e-05,-7.96373e-05
-0.000673801,-0.000741212
-0.0012454,-0.00141378
-0.000796882,-0.000943726
0.000169233,0.000815068
0.000144145,0.00188415
-0.000956125,0.00104144
-0.00192098,0.000203475
-0.00214445,0.000469804
-0.00188873,0.000144352
-0.00172376,-0.000440012
-0.00174479,0.000402894
-0.00176383,0.0012862
-0.00137572,0.00122875
-0.000620561,0.00155522
0.00012395,0.00206697
0.000105424,0.00200159
-0.0010574,0.00162972
-0.00200304,0.00105648
-0.00219377,0.00125766
-0.00194329,0.001913
-0.00151139,0.00122071
-0.00140329,-8.72187e-05
-0.00137445,-7.36278e-05
-0.00139909,0.00105951
-0.001725,0.00242957
-0.00166942,0.00256427
-0.000950211,0.00160861
-1.33791e-05,0.00120574
0.000108882,0.00116795
-0.000650236,0.00124142
-0.00113062,0.00208723
-0.001343,0.00330583
-0.00127852,0.00373874
-0.000746016,0.00321963
-5.46062e-05,0.00271667
0.000805952,0.00194644
0.00127449,0.00103024
0.000612346,0.0010696
-0.000312027,0.00103187
-0.000307589,-0.000133705
0.000400108,-0.000701611
0.000335541,-0.000251767
-0.00065779,-0.000363473
-0.00138553,-0.000445767
-0.0013971,0.000176049
-0.000762387,0.000201664
-4.78793e-05,-0.000355312
0.000807218,-0.000542453
0.00154622,-0.000470635
0.00123314,0.000429285
0.000728798,0.00232706
0.000562407,0.00346509
0.000645665,0.00271606
0.00142225,0.00162529
0.0018374,0.0015864
0.00108166,0.00142834
-0.00060849,0.000640473
-0.00200175,0.000240207
-0.00140406,0.000255258
4.82743e-05,0.000781858
0.000239496,0.00156376
1.19774e-05,0.00127132
0.000200156,0.000514644
0.000898762,0.000927138
0.00202992,0.00179152
0.00252583,0.00140887
0.00185696,0.000744741
0.000771651,0.000674497
-0.000249336,0.000336256
-0.000613846,-3.45063e-05
0.000172734,-0.000202911
0.00147254,-0.000418269
0.00159063,-0.000694133
0.000822594,-0.000750234
0.00131501,-0.000395493
0.00229939,-0.00011217
0.00204591,0.000225044
0.00126316,0.00044165
0.000824179,1.12491e-05
0.00112945,-0.000608568
0.00177854,-0.000908029
0.00202657,-0.000818574
0.0021424,-0.000927871
0.00217623,-0.00157938
0.00201186,-0.00219781
0.00204265,-0.00237522
0.00157222,-0.00144472
0.000257728,0.000214275
-0.00013716,0.0010348
0.000682304,0.000545974
0.00146928,-0.000227387
0.00181951,-0.00066423
0.00178388,-0.000900014
0.00169456,-0.00123423
0.00149278,-0.00135669
0.00101156,-0.00122466
0.00132679,-0.001213
0.00220534,-0.000878611
0.00231038,0.000585873
0.00166785,0.00157761
0.00138991,0.000659487
0.00158804,-7.22574e-05
0.0014021,0.000573908
0.000644883,0.000941531
0.000508599,0.000564306
0.0014467,-0.000552086
0.00263703,-0.00191275
0.00281718,-0.00209201
0.00124417,-0.00105464
-0.000700487,-0.000162033
-0.00102152,-0.00063541
-0.000180704,-0.00193861
1.60173e-06,-0.00228503
0.00023077,-0.00170931
0.000819887,-0.00177521
0.000996282,-0.00200177
0.00103193,-0.000929845
0.000591008,0.000203969
0.00043256,-0.000516795
0.000659745,-0.00197255
-3.78719e-05,-0.00231054
-0.000934179,-0.0015399
-0.00117198,-0.000311904
-0.0012725,0.000448476
-0.00075644,0.000192503
7.72193e-05,-0.00043203
0.000212474,-0.00115569
-0.00019865,-0.00168455
-0.000524511,-0.00144663
-0.000395767,-0.00118008
-0.000156162,-0.00127104
0.000230247,-0.00139421
0.000706434,-0.00127744
0.000516612,-0.000896537
0.000126437,-0.000802345
0.000713824,-0.00112973
0.00162322,-0.00194065
0.00139207,-0.00269602
0.000480807,-0.00226612
-0.000511957,-0.00109461
-0.00169085,-0.000710686
-0.00172847,-0.0010964
-0.000902275,-0.00147422
-0.000504106,-0.00182534
-0.000403432,-0.00221076
-0.000457688,-0.00268279
-0.000312385,-0.00301289
-0.000112016,-0.00278386
-0.000353934,-0.00210534
-0.000970404,-0.00169682
-0.00179085,-0.00155105
-0.00179518,-0.000585084
-0.000952487,6.80365e-05
-0.00050963,-0.000270142
-7.46885e-05,-2.64861e-05
0.000293929,0.000347173
0.000651158,-0.000202033
0.00159945,-0.000551401
0.00169862,-0.000285366
0.000158622,-0.000730588
-0.00151136,-0.0020244
-0.00222016,-0.00249976
-0.00140318,-0.00159249
3.05996e-05,-0.000935941
0.000711257,-0.00124442
0.00103422,-0.00143562
0.00156325,-0.00172392
0.00218948,-0.0025118
0.0025586,-0.00277096
0.0024217,-0.00203594
0.00230102,-0.000799025
0.00239458,-0.000138103
0.00208536,-0.000229947
0.000851832,-0.000303856
-4.93178e-05,-0.000128512
0.000830057,9.34123e-05
0.00216554,0.000640473
0.0024748,0.00117307
0.00200859,0.000643366
0.00140155,-0.000751417
0.00110713,-0.00125823
0.00136322,-0.00045054
0.00163695,0.000309977
0.00145389,0.000177637
0.00036509,-0.000404545
-0.000576684,-0.000597584
0.000371664,5.84002e-05
0.00197451,0.000407828
0.00178527,-0.000546637
0.000476469,-0.00140306
0.000278411,-0.000936724
0.00118599,-0.000196899
0.00195474,-0.000306129
0.00190808,-0.000891322
0.00161675,-0.00108877
0.00126812,-0.000639331
0.00054686,-0.000266096
0.000929187,-0.00061855
0.00208294,-0.00144707
0.00180193,-0.00188302
0.000813621,-0.00124925
8.00311e-05,0.000182205
-0.000630607,0.00134488
-0.000877835,0.00114614
-0.000754327,0.000320408
-0.000293537,0.000225374
0.000377747,0.000794472
0.000146622,0.00105305
-0.000206777,0.000132058
0.000581313,-0.000800297
0.00175056,-0.000428399
0.00238435,1.75759e-07
0.00195345,-0.000327576
0.00113807,-0.00051077
0.000829017,7.90352e-05
7.61141e-05,0.000326512
-0.000551046,2.01357e-05
0.000195216,0.000679358
0.000670108,0.00226697
0.000601881,0.00291016
0.00111191,0.00180275
0.00131402,0.000193288
2.33713e-05,-0.000729878
-0.00155856,-0.00110719
-0.00190305,-0.00101008
-0.00102942,-0.000406114
-5.25967e-06,0.000110634
0.000296523,0.000512323
0.000506184,0.000881021
0.000878831,0.00132997
0.000367475,0.00201635
-0.000309036,0.00196803
0.000320419,0.00105142
0.00100953,0.000165365
0.000550448,-0.000672391
0.000257655,-0.00117997
0.000391768,-0.000601501
-0.000149679,0.000280624
-0.000992818,0.000645574
-0.00158511,0.00103482
-0.00160896,0.000993674
-0.000817966,0.000214426
-0.000131161,0.000114918
-0.000683685,0.00108039
-0.00166608,0.00134536
-0.00200662,0.000662119
-0.00172324,0.000498444
-0.00122849,0.00128983
-0.000660989,0.00189259
0.000239759,0.00187846
0.00106445,0.00176788
0.000878521,0.00172015
0.000451905,0.00118009
0.000630491,-0.000128546
0.000626521,-0.00022451
0.000508192,0.00180183
0.000559733,0.0029169
-0.000284713,0.00181139
-0.00156947,0.000971101
-0.00215154,0.00156501
-0.00243266,0.00168755
-0.0023289,0.000302396
-0.00178785,-0.00107197
-0.00122645,-0.000912677
-0.000830175,-0.000440583
-0.000896463,-0.000520577
-0.00112068,-0.000719416
-0.000915074,-0.000397428
-0.000618624,0.00091527
-0.0013373,0.00196027
-0.00204417,0.00156775
-0.00131374,0.00064056
-7.53618e-05,-0.000117627
0.000345552,-0.000479609
0.000486768,0.000117302
0.000756802,0.00129064
0.000412154,0.00220251
-0.000418416,0.0023856
-0.000771198,0.00247456
-0.000645417,0.00291008
-0.000396341,0.00216907
-0.000871319,0.000406151
-0.00150241,-0.000185636
-0.00136139,0.000406893
-0.00108895,0.000707705
-0.00106655,0.000292209
-0.00100949,-0.000428091
-0.0012131,-0.000864071
-0.00151738,-0.000701517
-0.00198717,-0.000483195
-0.00243114,-0.00039388
-0.0023024,1.33374e-05
-0.00220199,0.000732916
-0.00189693,0.00196012
-0.000877067,0.00280892
-0.000561668,0.00238338
-0.00140263,0.00172488
-0.00204135,0.00164729
-0.00208457,0.00176176
-0.0014381,0.00125649
-0.000182065,-0.000127666
0.000197363,-0.00102553
-0.000323053,-0.000677449
-0.000575167,-0.000872391
-0.000210876,-0.0018822
0.000465079,-0.00240723
0.000253637,-0.00197847
-0.000484097,-0.000877402
-0.000501096,0.000142801
-0.000725665,0.000426752
-0.00180109,0.000427823
-0.00230802,0.000476032
-0.00213519,0.000399272
-0.00220894,0.000510851
-0.00260152,0.000845454
-0.00265826,0.000709117
-0.00189438,0.000841614
-0.00121988,0.00211321
-0.000991289,0.00327521
-0.000817625,0.00278448
-0.000788166,0.00116541
-0.000979518,-0.000487573
-0.00137216,-0.00150782
-0.00204383,-0.00152776
-0.00245114,-0.000412447
-0.00223704,0.000789808
-0.00170456,1.17825e-06
-0.00149535,-0.00156256
-0.00165468,-0.00119776
-0.00125025,-0.00027038
-0.000262152,-0.000441226
-0.000171274,-0.000408126
-0.00151883,-0.000150812
-0.00272977,-0.000131962
-0.00282013,0.00067727
-0.00224683,0.00164838
-0.00177202,0.00116482
-0.00191081,-0.000240355
-0.00256808,-0.0011395
-0.00291159,-0.00145649
-0.00283979,-0.00163794
-0.00260239,-0.00134254
-0.00171757,-0.000780399
-0.000520638,-0.00067492
-0.000317067,-0.000713191
-0.000902535,-0.000661123
-0.000609712,-0.001
0.000342939,-0.00128509
-0.000149259,-0.00103433
-0.00133423,-0.000267988
-0.00169206,8.07369e-06
-0.0016315,-0.000455137
-0.00136874,-0.000576376
-0.00134601,-0.000486185
-0.00215632,-0.000201894
-0.00295331,-0.000149309
-0.00275235,-0.0013156
-0.00208252,-0.00208949
-0.001531,-0.00112257
-0.00138204,-0.000100671
-0.00124096,-2.48903e-05
-0.000780651,-2.21144e-05
-0.000749199,0.00024866
-0.00105507,-0.000113069
-0.00119906,-0.000503166
-0.0013761,0.000432662
-0.00105291,0.00135748
-0.000417843,0.000208895
-0.000194582,-0.00122074
-0.000272339,-0.0010277
-0.000595928,-4.36272e-05
-0.00106099,0.000861407
-0.00111519,0.00163028
-0.000857341,0.00155656
-0.00104839,0.00042665
-0.00181204,-0.000482594
-0.00258254,-0.000476226
-0.00302779,0.000177879
-0.00299749,0.00105505
-0.00237425,0.00130444
-0.00163193,0.000638454
-0.0014994,0.000270973
-0.00131588,0.000856644
-0.00094596,0.00111983
-0.00108466,0.000237073
-0.0013079,-0.000389587
-0.000775917,-7.24285e-05
-0.0003084,1.92606e-05
-0.00115181,-0.000165751
-0.00249597,-3.20745e-05
-0.00305366,0.000129398
-0.00312551,0.000381509
-0.00312372,0.000317963
-0.00308633,-0.0011555
-0.00279976,-0.00301746
-0.00220132,-0.00299227
-0.00144827,-0.00121711
-0.000738852,0.000385731
-0.000170591,0.000968677
-0.00051507,0.000280745
-0.00176988,-0.00125268
-0.00239694,-0.00167262
-0.00158082,-0.0004654
-4.12399e-05,0.000386491
0.000581504,-0.00039167
-0.000284025,-0.00157494
-0.00111564,-0.00225288
-0.0009237,-0.00270718
-0.00106821,-0.00269377
-0.00209381,-0.00227549
-0.00220937,-0.00198592
-0.00110932,-0.00173791
-0.000520714,-0.00110911
-0.00136071,-4.49133e-05
-0.00230808,0.000802174
-0.00214125,0.000410316
-0.0013794,-0.000848719
-0.00129305,-0.00147957
-0.00179513,-0.000930599
-0.00131207,-0.000729264
-7.61058e-05,-0.000679104
9.63556e-05,0.000191668
-0.000652774,0.000543644
-0.000719094,0.00066865
-1.87865e-05,0.00175861
-6.60702e-05,0.0024022
-0.00108859,0.00128895
-0.00184961,-0.000563178
-0.00239563,-0.00213701
-0.00287595,-0.00326594
-0.00275845,-0.00277341
-0.00173294,-0.00081559
-0.000585802,-0.00024102
-0.000345516,-0.00128229
-0.000960189,-0.00193417
-0.00135691,-0.00209154
-0.00146953,-0.00252892
-0.00158653,-0.00308004
-0.000877016,-0.00291125
-0.000159775,-0.00214582
-0.000412327,-0.00122704
-0.000664663,-0.00014043
-0.000576596,2.10482e-05
-0.000602966,-0.000836024
-0.000955293,-0.00113514
-0.00126442,-0.000446133
-0.000886084,-4.45936e-06
-0.000154552,-0.000111631
0.000329301,-0.000539403
0.000746833,-0.000967695
0.000807458,-0.001212
-2.96069e-05,-0.00128688
-0.000842842,-0.00136701
-0.000520729,-0.00157519
-0.00035074,-0.00158943
-0.00095195,-0.000912108
-0.00182911,-0.000175326
-0.00275155,-0.000339737
-0.00356553,-0.00151198
-0.00344977,-0.00237722
-0.00166634,-0.00237147
-9.49522e-05,-0.00236206
-0.000388502,-0.00199711
-0.00122678,-0.00070331
-0.00189993,-0.000366931
-0.00269297,-0.00168211
-0.00308065,-0.00261126
-0.00312426,-0.00201137
-0.00312463,-0.000863249
-0.00312498,-0.00040106
-0.00304109,-0.000531826
-0.00235958,-0.000709936
-0.000946684,-0.000893933
0.000227937,-0.000471002
0.000550046,0.00016467
0.000308497,0.000102966
-0.000412136,-0.000498599
-0.0010502,-0.00150598
-0.000618397,-0.0023459
0.00139404,-0.00230938
0.00322652,-0.00168418
0.00306443,-0.00085298
0.00215812,-0.000759697
0.00160847,-0.000976225
0.000688645,-0.000452559
0.000113616,-0.000363305
0.000653435,-0.000777916
0.000451164,-0.000960775
-0.000656094,-0.00195808
-0.000872031,-0.00310033
-0.000609502,-0.00285577
-0.000608893,-0.00234341
-0.000814571,-0.00213777
-0.00141004,-0.00176702
-0.00192472,-0.00157052
-0.00153986,-0.00124096
-0.000782599,-0.000720692
-0.000456566,-0.00045552
-0.000270859,-0.000185999
0.000314895,1.73761e-05
0.000423973,-0.00030737
-0.00038382,-0.000820919
-0.000412237,-0.00115918
0.000269697,-0.00169837
0.000296921,-0.00254731
0.000277051,-0.00267372
0.000455497,-0.00201044
0.000603268,-0.00177744
0.00121431,-0.00242513
0.00202254,-0.00282784
0.00228397,-0.00235518
0.00232042,-0.00136999
0.00240143,-0.000257874
0.00224454,0.000623931
0.00172073,0.0007112
0.000622949,4.65483e-05
-0.000307184,-0.00100384
0.000197194,-0.00205014
0.00152383,-0.00213563
0.00138784,-0.00104472
6.34327e-05,-0.000391553
7.70939e-05,-0.00087079
0.00102309,-0.00120871
0.000587067,-0.00145167
-0.000313916,-0.00211194
-9.40358e-05,-0.00211893
0.000163942,-0.00204871
0.000622143,-0.00261755
0.00150336,-0.00298842
0.000916132,-0.00237658
-0.000645688,-0.00132571
-0.000885386,-0.000888849
0.000532724,-0.0012097
0.00201127,-0.00109744
0.00185444,-0.000302201
0.00135674,0.000454484
0.00204388,0.000882125
0.00198673,0.000820614
0.000222554,0.00045921
-0.00116508,-0.000420367
-0.000377225,-0.00104065
0.00169321,-0.000859623
0.0028936,-0.000709894
0.00205587,-0.000675921
0.000366792,-0.00090388
-0.00045798,-0.00128224
-0.000451274,-0.00111
8.4011e-05,-0.00107646
0.0011459,-0.000888188
0.00240317,0.000802575
0.00322223,0.00194398
0.00249687,0.000937755
0.000243674,0.00012188
-0.00128792,0.000134479
-0.00066328,-0.000703997
0.000363062,-0.00160872
6.14161e-05,-0.00167663
-0.000879324,-0.00171886
-0.00126562,-0.00138011
-0.000867483,-0.000648934
-0.000483961,-0.000326862
-0.00114965,-0.000510039
-0.00223055,-0.000973724
-0.00178719,-0.00158742
-0.000362372,-0.00157752
-3.43782e-05,-0.000673269
-0.000177221,-0.000155724
0.000328236,-5.67146e-05
0.000492225,0.000934628
0.000104363,0.00163844
-0.000681503,0.000657174
-0.000988988,-0.000818395
9.15079e-05,-0.00133714
0.0016069,-0.00131305
0.00160274,-0.00150622
-0.000347394,-0.00103484
-0.00199144,0.000728535
-0.00184813,0.00230652
-0.00137375,0.00268365
-0.00135583,0.00230453
-0.00124644,0.00152372
-0.00142345,0.000781914
-0.00223283,0.001076
-0.0028228,0.00209167
-0.0025793,0.00244688
-0.00225896,0.00116366
-0.00189318,-8.98166e-06
-0.00115732,0.00066997
-0.00100177,0.00143386
-0.00143791,0.000350078
-0.0013571,-0.0010454
-0.00111642,-0.00101096
-0.000930401,-0.00016633
-0.000680452,0.000326273
-0.00101001,0.000547004
-0.00138067,0.000689387
-0.00124336,7.24712e-05
-0.00106715,-0.00111921
-0.00128666,-0.00193417
-0.00175303,-0.00214401
-0.00219794,-0.00204064
-0.00254918,-0.00173302
-0.00233829,-0.00152077
-0.00108774,-0.00171983
-0.000140853,-0.00175758
-0.000400299,-0.00131614
-0.000681368,-0.00142991
-0.000504956,-0.00193085
-0.000787252,-0.00207033
-0.00106332,-0.00175742
-0.000597182,-0.00116313
-0.00037051,-0.000978392
-0.00104975,-0.00135779
-0.00126806,-0.00148543
-0.000447497,-0.00144233
0.000193957,-0.00153931
-2.39447e-05,-0.00177168
-0.000653492,-0.00217991
-0.000565337,-0.00201215
0.000127539,-0.000816001
0.000227606,0.000464345
-5.57599e-05,0.000657979
-0.000393891,-0.00034626
-0.000619066,-0.0013573
-0.000458607,-0.00175514
-0.000554006,-0.00210472
-0.00051683,-0.00224806
0.000157919,-0.00222465
0.00119793,-0.00199705
0.00199244,-0.00156553
0.00158894,-0.00153202
0.000784278,-0.00146462
0.000740177,-0.000322101
0.00185301,0.0010803
0.00289014,0.00131008
0.0018527,1.37342e-05
0.000120902,-0.00110438
-0.000565467,-0.000477107
-0.000749198,0.000558175
-0.000788393,-1.77554e-05
-0.000447767,-0.00154381
-0.000237352,-0.00197246
-0.000625778,-0.000664132
-0.00133912,0.000760327
-0.00140286,0.00155564
-0.000612305,0.00207498
4.86004e-05,0.00218971
3.70025e-05,0.0021254
-0.000383871,0.00237034
-0.00105287,0.00179539
-0.00165847,-2.77719e-05
-0.00219746,-0.000685969
-0.00241204,0.000415173
-0.00146884,0.00104184
-0.000237904,0.000356062
-0.00038366,-0.000171358
-0.001063,9.81985e-05
-0.001294,-9.46009e-05
-0.00143337,-0.00114999
-0.00115107,-0.00177859
-0.000789814,-0.00134598
-0.00104513,-0.000961905
-0.00120497,-0.00111914
-0.00070651,-0.00078304
7.01684e-05,-0.000349527
0.000846727,-0.000467934
0.00154076,-0.000455834
0.00229066,-0.000509714
0.00256087,-0.00125274
0.00166894,-0.00158959
0.000889666,-0.00154984
0.000400401,-0.0021819
-6.02852e-06,-0.00293273
-3.79875e-05,-0.00311989
-0.000452082,-0.00312414
-0.000378571,-0.00312413
0.00165669,-0.00312413
0.00349577,-0.00312372
0.00338476,-0.00308964
0.00252331,-0.00279947
0.00194005,-0.00220939
0.00192071,-0.00177801
0.00137337,-0.00143409
-0.000382077,-1.60623e-06
-0.00104538,0.00136287
0.000120939,0.000558898
0.000946603,-0.001152
0.00094436,-0.00124891
0.0011973,-0.000182208
0.00157101,5.66074e-05
0.00136534,-0.000635067
0.000817312,-0.000792989
0.000100207,-0.000322823
-0.000625245,-7.46131e-05
-0.000312617,0.000414836
0.000125211,0.00179421
0.000268731,0.00313168
0.000451383,0.00363764
0.000518619,0.00355474
0.000248135,0.00301161
-0.00091032,0.00207901
-0.0020172,0.00144098
-0.00147881,0.00173068
-0.00124465,0.00232552
-0.00197073,0.00230838
-0.00160034,0.00202623
-0.000718865,0.00157193
-0.000878036,0.000786649
-0.000839784,0.000391615
-0.000580565,0.000805848
-0.000957165,0.00116609
-0.00124582,0.000230028
-0.000680659,-0.000969764
1.72038e-05,-0.00119677
-0.000561849,-0.0011143
-0.00221024,-0.00130199
-0.00320328,-0.00102825
-0.00305153,0.000189933
-0.002509,0.000756165
-0.00225934,-0.000190641
-0.00241571,-0.00117981
-0.00234549,-0.00165898
-0.00152655,-0.00210042
-0.000397056,-0.00183525
-6.05892e-05,-0.000734328
-0.00034094,-0.000496506
0.000578967,-0.00140076
0.00206519,-0.00113964
0.00142405,4.13646e-05
-0.000603397,0.000308264
-0.00114893,0.000567861
0.000179995,0.00156697
0.00143219,0.00180112
0.00177751,0.0011989
0.00158599,0.000670721
0.000545599,0.000428973
-0.000131368,0.000580241
0.000206469,0.00151632
0.000408817,0.00221865
3.71342e-05,0.00245286
-0.000325455,0.00272126
-0.000621514,0.00278703
-0.00113557,0.00220354
-0.00151112,0.00151099
-0.00151014,0.000534972
-0.00210103,-0.00108302
-0.00286758,-0.00207999
-0.00272085,-0.00207677
-0.00132001,-0.00152155
-0.000164195,-0.000392745
-0.000891668,0.000807418
-0.00189647,0.00138277
-0.00206558,0.00122131
-0.00224367,0.000284275
-0.00201573,-0.00102564
-0.00182998,-0.00204507
-0.0024524,-0.00230628
-0.00300243,-0.00196867
-0.00308514,-0.00178743
-0.00271007,-0.00188556
-0.00162139,-0.00178674
-0.000409453,-0.00180434
0.000296157,-0.00221224
0.000633942,-0.00231731
0.000835261,-0.00236165
0.00111022,-0.00269247
0.00115541,-0.00226188
0.000543348,-0.000923044
-7.6555e-05,-0.000261372
-0.000368342,-0.000373139
-0.000497217,-9.49888e-05
-0.00010576,-0.000195854
0.000401053,-0.00106768
0.00099447,-0.00130669
0.00198909,-0.000333297
0.00219404,0.000918039
0.00129485,0.000984317
0.00050876,8.74593e-05
0.000536374,-0.00115634
0.000849555,-0.00212539
0.000783551,-0.00162516
0.000519107,-0.000612917
0.000356964,-0.000457133
0.000514152,-0.000174259
0.000644692,0.000810865
0.000617116,0.00160473
0.00149221,0.00175199
0.00203472,0.00167178
0.00150116,0.00227199
0.00160831,0.00282158
0.00219361,0.00251721
0.00272647,0.00231227
0.00327218,0.00206982
0.0027191,0.00204963
0.00124099,0.00243941
-0.00012896,0.00217463
-0.00118781,0.00125767
-0.00126108,0.000457989
-0.000323873,-5.50763e-05
1.40054e-05,0.0002078
-0.0006008,0.000703623
-0.000864428,0.000665424
-0.00120697,0.000203402
-0.00204516,-0.000618146
-0.00230738,-0.000641258
-0.00213354,0.000801074
-0.00219969,0.000856205
-0.00185501,-0.000778323
-0.000717148,-0.00112546
0.000571799,-0.000457047
0.00056363,-0.000107364
-0.000540791,0.000508783
-0.000508931,0.00109264
0.000380311,0.000527677
0.000191708,-0.000437749
-0.00100848,-0.000148017
-0.00153458,0.000499218
-0.000659746,-0.000135658
0.000718227,-0.0013053
0.00158958,-0.00172858
0.000876282,-0.00101327
-0.00078328,-0.000125685
-0.00157715,-0.000346921
-0.00134101,-0.000984978
-0.000816801,-0.00115558
-0.000314201,-0.000957017
-0.000531465,-0.000822726
-0.00133757,-0.000961613
-0.00107986,-0.000409525
-0.00062782,0.000349128
-0.0011164,9.57174e-05
-0.00159273,-0.000374453
-0.00126944,-0.000671597
-0.00059817,-0.00136301
-0.000314166,-0.00224497
-0.00089226,-0.00241772
-0.00181368,-0.00183622
-0.00247901,-0.00150396
-0.00265115,-0.000785757
-0.002048,0.000306923
-0.00112561,0.00039035
-1.17998e-05,0.000142954
0.000984572,2.09912e-05
0.000579993,-0.00095365
-0.000780739,-0.00190071
-0.00153986,-0.00141464
-0.0014639,-0.000860509
-8.34288e-05,-0.0012517
0.00155871,-0.00176896
0.00112809,-0.00203787
-0.000291107,-0.00223535
-0.00081855,-0.00225141
-0.00130174,-0.00224904
-0.00139216,-0.00197374
-0.000244682,-0.000957991
0.000943987,4.64212e-06
0.00158931,0.000227917
0.00197842,-0.00044855
0.00178733,-0.00128046
0.00136447,-0.00128926
0.000748579,-0.000628837
-0.000142981,-0.000448225
-0.00085152,-0.000645746
-0.000855176,-0.000349333
-0.000307769,0.000540182
0.00040456,0.00125887
0.000408705,0.000732469
4.5605e-05,-0.000173561
0.000320846,-0.000453724
0.000324306,-0.000951401
-0.000657277,-0.00127936
-0.000915878,-0.000881803
-0.000330635,-0.000219288
-0.00021121,0.000181232
0.000422902,0.000648236
0.00178885,0.000914142
0.00208284,0.00104516
0.00106822,0.00156939
0.000508285,0.00154097
0.000497522,0.000138695
0.000153024,-0.0007298
2.33673e-05,-0.000195848
0.000673972,0.000202774
0.0015367,0.000134939
0.00145849,0.000895532
7.03116e-05,0.002147
-0.00103392,0.00215961
-0.000857921,0.000590113
-0.000275291,-0.000844755
-0.000285449,-0.00137783
-0.000862618,-0.00159303
-0.00123515,-0.00120765
-0.000704802,1.74102e-05
0.000407773,0.00123065
0.00123369,0.0017575
0.00112617,0.00193725
0.000358368,0.00184768
-0.000304814,0.000798011
-0.000324791,-0.0010331
0.000487205,-0.00144893
0.0011552,0.000322254
0.000803205,0.00205561
0.000530526,0.00251594
0.000811788,0.00236497
0.00112419,0.00161554
0.00112154,0.000228526
0.00123455,-0.000166221
0.00189924,0.000616894
0.00218411,0.00114763
0.00153092,0.0008472
0.000590025,-7.71239e-05
0.000229252,-0.000455752
0.000979745,0.000146343
0.00175604,0.000897185
0.00134264,0.00085629
0.000484759,0.00042219
0.000182493,0.0013119
0.000310349,0.00292588
0.00067877,0.00354673
0.00129616,0.0031702
0.00160055,0.00223598
0.000922263,0.00115161
0.000348156,0.000715701
0.000299946,0.0003531
-3.8028e-06,0.000181292
-6.57861e-05,0.00108315
0.000566018,0.00198766
0.000865054,0.00175074
2.07383e-05,0.000446475
-0.00123253,-0.000926481
-0.00159628,-0.000419087
-0.000533191,0.00171916
0.000367884,0.00268471
-0.00027551,0.0015894
-0.00134065,0.000103707
-0.00129985,-0.000328461
-0.00066448,-0.000448701
0.000429555,-0.000887116
0.00181535,-0.00095934
0.00182243,-0.000810487
0.000855337,-0.00067883
0.0009671,-0.000431253
0.00120662,0.000587879
0.00050626,0.00229845
0.000406902,0.00289646
0.000743056,0.00237992
0.000316327,0.00251331
-6.04702e-05,0.00335136
-0.000239472,0.00343014
-0.00075395,0.00195683
-0.000988693,0.00045436
-0.000749122,0.000442315
-0.000813152,0.000800044
-0.00132322,0.000480857
-0.00169721,0.000364239
-0.00145822,0.00113803
-0.00120425,0.00210244
-0.00109511,0.00211903
-0.000722849,0.00110207
-0.000127722,-0.000238554
0.000440713,-0.000607881
0.000482582,0.00023107
-0.000163554,0.00134237
-0.000676305,0.001911
-0.000892085,0.00173058
-0.00153935,0.00114224
-0.00200656,0.000947368
-0.00150234,0.00109801
9.18685e-06,0.000502716
0.00078549,4.84515e-05
0.000569568,0.000314991
0.00100198,4.99198e-05
0.00168533,-0.000223668
0.00208313,0.00136319
0.00193724,0.00294463
0.000605762,0.00240871
-0.000603373,0.00130379
-0.000486927,0.000853457
6.6601e-05,0.000868195
0.000234741,0.00181503
0.000542525,0.00254923
0.0011431,0.0020237
0.00119732,0.00146087
0.000411039,0.0014095
-0.00100765,0.00167306
-0.00172731,0.00236317
-0.000823761,0.00279649
0.00025958,0.00307582
0.000436791,0.00310578
9.66207e-05,0.00265659
-7.0875e-05,0.00262243
0.000147814,0.00244892
5.14952e-05,0.00151106
-4.121e-05,0.000698101
0.000346932,0.000108201
0.00056486,-0.000253592
0.000396533,0.000246803
-7.36849e-05,0.000569822
-0.000598617,-0.000337419
-0.000260759,-0.00140496
0.00090895,-0.00179574
0.000999244,-0.0018092
0.000283889,-0.00132216
0.00118046,-0.000536319
0.00212813,-0.000203698
0.00108426,0.000118482
-0.000238644,0.000923352
-0.000685534,0.00175533
-0.000198074,0.00158488
0.000500971,0.000534721
0.000172323,0.000572194
8.73882e-05,0.000946798
0.000705404,-0.000459662
-0.000229569,-0.00192721
-0.00188894,-0.00146661
-0.00196839,-0.000940121
-0.0011271,-0.00093283
-0.000101401,-0.000357474
0.00117938,-0.00043711
0.00204278,-0.000604826
0.00244657,0.000470441
0.00282347,0.00108671
0.00219206,0.000503743
0.000940759,0.000104096
0.000516836,-0.000279016
0.000568635,-0.000583321
0.00073045,0.000141192
0.00114702,0.00151099
0.00161225,0.00188004
0.00172986,0.00076491
0.00156176,-0.000894749
0.000687046,-0.00174037
-0.00107206,-0.00128089
-0.00225898,-0.000452918
-0.00190065,3.99356e-05
-0.000617743,-0.00013861
0.000345571,-0.00130284
-0.000197771,-0.00229056
-0.00145316,-0.00173452
-0.00142359,-0.000649212
-0.000178052,-0.00077885
0.00128133,-0.00185139
0.00168591,-0.00226834
0.000537893,-0.00192039
-0.000355584,-0.00147743
-0.000279792,-0.00110201
5.38446e-05,-0.00053601
0.000587399,-4.73759e-05
0.000658068,-0.00046648
7.81277e-05,-0.0016193
0.00047663,-0.00211951
0.00100026,-0.00180501
-0.000349117,-0.0016566
-0.00199307,-0.00183434
-0.0017019,-0.0022529
-0.00072001,-0.00234885
-0.000609551,-0.00112353